138,53
138,52
138,51
138,50
138,49
138,48
138,47
138,46
138,45
138,44
138,43
138,42
138,41
138,40
138,39
138,38
138,37
138,36
138,35
3,2
3,1
3,3
10,190
10,176
10,194
10,100
10,250
10,264
10,154
10,152
10,2
10,3
11,8
11,26
11,9
11,7
11,2
11,3
9,7
9,4
9,1
9,6
9,2
9,3
8,8
8,15
8,12
8,2
8,3
137,3
137,2
137,1
137,0
134,3
134,2
134,1
134,0
133,3
133,2
133,1
133,0
132,3
132,2
132,1
132,0
131,4
131,3
131,2
131,1
131,0
130,3
130,2
130,1
130,0
124,94
124,93
124,92
124,91
124,90
124,89
124,88
124,87
124,86
124,85
124,84
124,83
124,82
124,81
124,80
124,79
124,78
124,77
124,76
124,75
124,74
124,73
124,72
124,71
124,70
124,69
124,68
124,67
124,66
124,65
124,64
124,63
124,1
112,3
112,1
20,3
20,2
